final_loss_phi=2.766417e+00
final_loss_mu=1.187056e-01
final_mu_mse=6.787123e+04
final_mu_mae=2.365251e+02
final_defect_area_pred=272
defect_area_label=274
final_defect_iou=9.854546e-01
pred_centroid=(-6.596705436706543, 4.420248985290527)
label_centroid=(-6.576272487640381, 4.4076361656188965)
