final_loss_phi=2.348332e+00
final_loss_mu=3.045002e+00
final_mu_mse=1.950829e+05
final_mu_mae=3.882667e+02
final_defect_area_pred=205
defect_area_label=19
final_defect_iou=9.268293e-02
pred_centroid=(-0.12195122987031937, 7.111681938171387)
label_centroid=(2.4089066982269287, 5.4016618728637695)
