final_loss_phi=2.114552e+00
final_loss_mu=6.323441e-01
final_mu_mse=2.725960e+04
final_mu_mae=7.721204e+01
final_defect_area_pred=35
defect_area_label=21
final_defect_iou=5.135135e-01
pred_centroid=(-5.461538791656494, 6.93233060836792)
label_centroid=(-7.673993110656738, 6.140351295471191)
