final_loss_phi=2.153279e+00
final_loss_mu=2.303856e-01
final_mu_mse=5.567799e+04
final_mu_mae=2.159510e+02
final_defect_area_pred=17
defect_area_label=18
final_defect_iou=8.421053e-01
pred_centroid=(5.40723991394043, 5.015479564666748)
label_centroid=(5.384615421295166, 5.029239654541016)
