final_loss_phi=1.176531e+00
final_loss_mu=8.064418e-01
final_mu_mse=2.662027e+05
final_mu_mae=2.993925e+02
final_defect_area_pred=64
defect_area_label=10
final_defect_iou=1.562500e-01
pred_centroid=(-0.4194079041481018, 6.388889312744141)
label_centroid=(-3.6315789222717285, 3.8888888359069824)
