final_loss_phi=2.249573e+00
final_loss_mu=1.586975e-01
final_mu_mse=3.421271e+04
final_mu_mae=1.635814e+02
final_defect_area_pred=47
defect_area_label=48
final_defect_iou=8.627451e-01
pred_centroid=(1.127120852470398, 5.439170837402344)
label_centroid=(1.1392405033111572, 5.512819766998291)
