final_loss_phi=2.257363e+00
final_loss_mu=3.201180e-01
final_mu_mse=1.477798e+04
final_mu_mae=6.029744e+01
final_defect_area_pred=20
defect_area_label=21
final_defect_iou=7.826087e-01
pred_centroid=(-4.57692289352417, 6.236842155456543)
label_centroid=(-4.450549125671387, 6.4912285804748535)
