final_loss_phi=2.100373e+00
final_loss_mu=4.582849e-01
final_mu_mse=5.921594e+04
final_mu_mae=2.193085e+02
final_defect_area_pred=30
defect_area_label=23
final_defect_iou=6.060606e-01
pred_centroid=(-6.871795177459717, 7.877192497253418)
label_centroid=(-6.705685615539551, 7.6659040451049805)
