final_loss_phi=2.396885e+00
final_loss_mu=1.658053e-01
final_mu_mse=4.915881e+04
final_mu_mae=1.930309e+02
final_defect_area_pred=17
defect_area_label=19
final_defect_iou=8.947368e-01
pred_centroid=(7.624434471130371, 4.14860725402832)
label_centroid=(7.550607681274414, 4.1274237632751465)
