final_loss_phi=2.153715e+00
final_loss_mu=2.407564e+00
final_mu_mse=1.519376e+05
final_mu_mae=3.489724e+02
final_defect_area_pred=176
defect_area_label=34
final_defect_iou=1.931818e-01
pred_centroid=(0.5944055914878845, 7.153109550476074)
label_centroid=(2.2624433040618896, 5.603715419769287)
