final_loss_phi=2.188369e+00
final_loss_mu=3.407577e-01
final_mu_mse=3.440421e+04
final_mu_mae=1.439765e+02
final_defect_area_pred=21
defect_area_label=21
final_defect_iou=8.260869e-01
pred_centroid=(-7.710623741149902, 6.140351295471191)
label_centroid=(-7.673993110656738, 6.140351295471191)
