final_loss_phi=2.205932e+00
final_loss_mu=6.749959e-02
final_mu_mse=1.476701e+04
final_mu_mae=8.072291e+01
final_defect_area_pred=62
defect_area_label=62
final_defect_iou=1.000000e+00
pred_centroid=(1.6253101825714111, 3.9473683834075928)
label_centroid=(1.6253101825714111, 3.9473683834075928)
