final_loss_phi=1.809486e+00
final_loss_mu=1.337323e+00
final_mu_mse=9.664852e+04
final_mu_mae=1.928339e+02
final_defect_area_pred=91
defect_area_label=34
final_defect_iou=3.020833e-01
pred_centroid=(-0.4184276759624481, 7.547715187072754)
label_centroid=(2.2624433040618896, 5.603715419769287)
