final_loss_phi=2.096047e+00
final_loss_mu=3.251109e-01
final_mu_mse=2.688501e+04
final_mu_mae=8.822482e+01
final_defect_area_pred=13
defect_area_label=10
final_defect_iou=7.692308e-01
pred_centroid=(3.825910806655884, 7.435897350311279)
label_centroid=(3.947368621826172, 7.222222328186035)
