final_loss_phi=2.158447e+00
final_loss_mu=1.086182e-02
final_mu_mse=5.040508e+03
final_mu_mae=4.853661e+01
final_defect_area_pred=5
defect_area_label=5
final_defect_iou=1.000000e+00
pred_centroid=(1.105263113975525, 2.8888888359069824)
label_centroid=(1.105263113975525, 2.8888888359069824)
