final_loss_phi=2.159568e+00
final_loss_mu=2.336602e-01
final_mu_mse=3.556298e+04
final_mu_mae=1.572773e+02
final_defect_area_pred=17
defect_area_label=18
final_defect_iou=8.421053e-01
pred_centroid=(5.316741943359375, 4.891641139984131)
label_centroid=(5.384615421295166, 5.029239654541016)
