final_loss_phi=2.187491e+00
final_loss_mu=1.211726e-01
final_mu_mse=3.871834e+04
final_mu_mae=1.660499e+02
final_defect_area_pred=39
defect_area_label=38
final_defect_iou=9.743590e-01
pred_centroid=(-2.278106451034546, 6.099865436553955)
label_centroid=(-2.307692289352417, 6.1495842933654785)
