final_loss_phi=2.271503e+00
final_loss_mu=1.301538e-01
final_mu_mse=5.420605e+04
final_mu_mae=2.060859e+02
final_defect_area_pred=37
defect_area_label=37
final_defect_iou=1.000000e+00
pred_centroid=(2.692307710647583, 5.789473056793213)
label_centroid=(2.692307710647583, 5.789473056793213)
