final_loss_phi=2.132931e+00
final_loss_mu=1.895575e-01
final_mu_mse=3.922924e+04
final_mu_mae=1.647036e+02
final_defect_area_pred=24
defect_area_label=24
final_defect_iou=8.461539e-01
pred_centroid=(5.192307949066162, 5.043859958648682)
label_centroid=(5.288461685180664, 5.241228103637695)
