final_loss_phi=2.198966e+00
final_loss_mu=3.583201e-01
final_mu_mse=4.791200e+04
final_mu_mae=1.742410e+02
final_defect_area_pred=21
defect_area_label=21
final_defect_iou=6.800000e-01
pred_centroid=(7.087912559509277, 7.268170356750488)
label_centroid=(7.087912559509277, 7.543859481811523)
