final_loss_phi=2.158708e+00
final_loss_mu=2.043457e-01
final_mu_mse=3.719896e+04
final_mu_mae=1.571952e+02
final_defect_area_pred=19
defect_area_label=18
final_defect_iou=8.500000e-01
pred_centroid=(5.364372730255127, 4.875346660614014)
label_centroid=(5.384615421295166, 5.029239654541016)
