final_loss_phi=2.373379e+00
final_loss_mu=4.246895e-02
final_mu_mse=2.929210e+04
final_mu_mae=1.391608e+02
final_defect_area_pred=54
defect_area_label=54
final_defect_iou=1.000000e+00
pred_centroid=(0.38461536169052124, 4.610136032104492)
label_centroid=(0.38461536169052124, 4.610136032104492)
