final_loss_phi=2.238854e+00
final_loss_mu=8.413328e-02
final_mu_mse=1.789245e+04
final_mu_mae=9.862148e+01
final_defect_area_pred=61
defect_area_label=61
final_defect_iou=1.000000e+00
pred_centroid=(5.769230842590332, 3.5461606979370117)
label_centroid=(5.769230842590332, 3.5461606979370117)
