final_loss_phi=2.293078e+00
final_loss_mu=2.476710e-01
final_mu_mse=1.513244e+04
final_mu_mae=7.726666e+01
final_defect_area_pred=4
defect_area_label=5
final_defect_iou=8.000000e-01
pred_centroid=(-2.763157844543457, 5.8333330154418945)
label_centroid=(-2.3684210777282715, 5.999999523162842)
