final_loss_phi=2.053566e+00
final_loss_mu=3.032705e-01
final_mu_mse=1.485278e+04
final_mu_mae=6.893256e+01
final_defect_area_pred=21
defect_area_label=20
final_defect_iou=8.636364e-01
pred_centroid=(0.7142856121063232, 6.741854667663574)
label_centroid=(0.7692307233810425, 6.842104911804199)
