final_loss_phi=1.885306e+00
final_loss_mu=3.116641e-01
final_mu_mse=1.991005e+04
final_mu_mae=6.592333e+01
final_defect_area_pred=11
defect_area_label=8
final_defect_iou=7.272727e-01
pred_centroid=(3.8038277626037598, 8.08080768585205)
label_centroid=(3.75, 7.361111164093018)
