final_loss_phi=2.363203e+00
final_loss_mu=2.068487e-01
final_mu_mse=1.174311e+04
final_mu_mae=5.076174e+01
final_defect_area_pred=5
defect_area_label=4
final_defect_iou=8.000000e-01
pred_centroid=(4.5789475440979, 5.777777671813965)
label_centroid=(4.736842155456543, 6.111110687255859)
