final_loss_phi=2.236568e+00
final_loss_mu=7.955423e-02
final_mu_mse=3.467798e+04
final_mu_mae=1.548256e+02
final_defect_area_pred=43
defect_area_label=43
final_defect_iou=1.000000e+00
pred_centroid=(-1.6547404527664185, 5.679315090179443)
label_centroid=(-1.6547404527664185, 5.679315090179443)
