final_loss_phi=2.128501e+00
final_loss_mu=6.192431e-01
final_mu_mse=2.281580e+04
final_mu_mae=8.013088e+01
final_defect_area_pred=6
defect_area_label=3
final_defect_iou=5.000000e-01
pred_centroid=(-2.1052629947662354, 7.592592716217041)
label_centroid=(-1.8421052694320679, 6.296295642852783)
