final_loss_phi=2.092294e+00
final_loss_mu=5.918065e-01
final_mu_mse=3.887777e+04
final_mu_mae=8.636186e+01
final_defect_area_pred=15
defect_area_label=9
final_defect_iou=6.000000e-01
pred_centroid=(1.4210526943206787, 6.888889789581299)
label_centroid=(2.3684208393096924, 5.55555534362793)
