final_loss_phi=1.299864e+00
final_loss_mu=8.799570e-01
final_mu_mse=2.632291e+05
final_mu_mae=2.772637e+02
final_defect_area_pred=60
defect_area_label=7
final_defect_iou=1.166667e-01
pred_centroid=(-0.2631579339504242, 6.777778148651123)
label_centroid=(1.2406014204025269, 5.714285850524902)
