final_loss_phi=2.065554e+00
final_loss_mu=1.635250e-02
final_mu_mse=7.201089e+03
final_mu_mae=5.185630e+01
final_defect_area_pred=10
defect_area_label=10
final_defect_iou=1.000000e+00
pred_centroid=(-3.6315789222717285, 3.8888888359069824)
label_centroid=(-3.6315789222717285, 3.8888888359069824)
