final_loss_phi=2.284114e+00
final_loss_mu=3.387907e-02
final_mu_mse=2.839219e+04
final_mu_mae=1.338699e+02
final_defect_area_pred=18
defect_area_label=18
final_defect_iou=1.000000e+00
pred_centroid=(2.222222089767456, 4.356725215911865)
label_centroid=(2.222222089767456, 4.356725215911865)
