final_loss_phi=7.129110e-01
final_loss_mu=1.293326e+00
final_mu_mse=6.046311e+05
final_mu_mae=6.086459e+02
final_defect_area_pred=2075
defect_area_label=126
final_defect_iou=6.072289e-02
pred_centroid=(5.172151565551758, 5.3862223625183105)
label_centroid=(0.9493670463562012, 4.743589401245117)
