final_loss_phi=2.388223e+00
final_loss_mu=3.695293e-01
final_mu_mse=5.855417e+04
final_mu_mae=2.139094e+02
final_defect_area_pred=52
defect_area_label=36
final_defect_iou=5.714286e-01
pred_centroid=(0.47337275743484497, 7.682186603546143)
label_centroid=(0.42735040187835693, 7.017543792724609)
