final_loss_phi=1.913631e+00
final_loss_mu=1.332570e+00
final_mu_mse=9.070331e+04
final_mu_mae=1.446352e+02
final_defect_area_pred=105
defect_area_label=36
final_defect_iou=3.301887e-01
pred_centroid=(-0.3919413983821869, 6.501253128051758)
label_centroid=(-1.88034188747406, 5.511695861816406)
