final_loss_phi=1.543226e+00
final_loss_mu=9.576491e-01
final_mu_mse=4.068429e+05
final_mu_mae=4.104034e+02
final_defect_area_pred=93
defect_area_label=11
final_defect_iou=1.182796e-01
pred_centroid=(-8.395585060119629, 4.755077838897705)
label_centroid=(-7.248803615570068, 4.040404319763184)
