final_loss_phi=2.328584e+00
final_loss_mu=3.977901e-01
final_mu_mse=2.620544e+04
final_mu_mae=7.957752e+01
final_defect_area_pred=13
defect_area_label=9
final_defect_iou=6.923077e-01
pred_centroid=(3.218623638153076, 8.461538314819336)
label_centroid=(3.2456140518188477, 7.777777671813965)
