final_loss_phi=2.196699e+00
final_loss_mu=1.296612e-01
final_mu_mse=1.309439e+04
final_mu_mae=5.796400e+01
final_defect_area_pred=40
defect_area_label=38
final_defect_iou=9.500000e-01
pred_centroid=(-2.326923131942749, 6.1315789222717285)
label_centroid=(-2.307692289352417, 6.1495842933654785)
