final_loss_phi=2.445416e+00
final_loss_mu=2.897340e-01
final_mu_mse=7.043198e+04
final_mu_mae=2.489717e+02
final_defect_area_pred=79
defect_area_label=75
final_defect_iou=7.111111e-01
pred_centroid=(5.3669281005859375, 6.407011032104492)
label_centroid=(5.394936561584473, 6.461538791656494)
