final_loss_phi=2.297385e+00
final_loss_mu=3.684596e-02
final_mu_mse=3.343695e+04
final_mu_mae=1.524081e+02
final_defect_area_pred=57
defect_area_label=57
final_defect_iou=1.000000e+00
pred_centroid=(-0.7489878535270691, 5.281624794006348)
label_centroid=(-0.7489878535270691, 5.281624794006348)
