final_loss_phi=2.176473e+00
final_loss_mu=2.503997e-02
final_mu_mse=2.328584e+04
final_mu_mae=1.246567e+02
final_defect_area_pred=22
defect_area_label=22
final_defect_iou=1.000000e+00
pred_centroid=(1.4335663318634033, 3.4210526943206787)
label_centroid=(1.4335663318634033, 3.4210526943206787)
