final_loss_phi=2.217672e+00
final_loss_mu=5.636225e-02
final_mu_mse=4.723714e+04
final_mu_mae=1.847487e+02
final_defect_area_pred=56
defect_area_label=56
final_defect_iou=1.000000e+00
pred_centroid=(4.766483783721924, 5.742481708526611)
label_centroid=(4.766483783721924, 5.742481708526611)
