final_loss_phi=2.222178e+00
final_loss_mu=6.514706e-01
final_mu_mse=2.831337e+04
final_mu_mae=6.871271e+01
final_defect_area_pred=36
defect_area_label=19
final_defect_iou=4.473684e-01
pred_centroid=(3.3119659423828125, 6.388888835906982)
label_centroid=(7.550607681274414, 4.1274237632751465)
