final_loss_phi=2.243109e+00
final_loss_mu=3.104413e-01
final_mu_mse=3.251069e+04
final_mu_mae=1.424946e+02
final_defect_area_pred=21
defect_area_label=21
final_defect_iou=8.260869e-01
pred_centroid=(-4.523809432983398, 6.290727138519287)
label_centroid=(-4.450549125671387, 6.4912285804748535)
