final_loss_phi=2.327027e+00
final_loss_mu=1.528831e-01
final_mu_mse=6.223592e+04
final_mu_mae=2.287504e+02
final_defect_area_pred=85
defect_area_label=86
final_defect_iou=9.655172e-01
pred_centroid=(6.426657199859619, 4.159879207611084)
label_centroid=(6.429202079772949, 4.165175914764404)
