final_loss_phi=2.349254e+00
final_loss_mu=1.425557e-01
final_mu_mse=1.443606e+04
final_mu_mae=6.519614e+01
final_defect_area_pred=9
defect_area_label=8
final_defect_iou=8.888889e-01
pred_centroid=(-5.35087776184082, 5.9259257316589355)
label_centroid=(-5.526315689086914, 6.111110687255859)
