final_loss_phi=2.198328e+00
final_loss_mu=3.175870e-01
final_mu_mse=1.506236e+04
final_mu_mae=5.814140e+01
final_defect_area_pred=22
defect_area_label=21
final_defect_iou=7.916667e-01
pred_centroid=(-7.657342910766602, 6.052631855010986)
label_centroid=(-7.673993110656738, 6.140351295471191)
