final_loss_phi=2.458390e+00
final_loss_mu=8.377703e-02
final_mu_mse=3.560066e+04
final_mu_mae=1.654745e+02
final_defect_area_pred=36
defect_area_label=36
final_defect_iou=1.000000e+00
pred_centroid=(-1.88034188747406, 5.511695861816406)
label_centroid=(-1.88034188747406, 5.511695861816406)
