final_loss_phi=2.126574e+00
final_loss_mu=2.823668e-02
final_mu_mse=4.801603e+03
final_mu_mae=3.495225e+01
final_defect_area_pred=4
defect_area_label=4
final_defect_iou=1.000000e+00
pred_centroid=(-6.315789222717285, 3.8888888359069824)
label_centroid=(-6.315789222717285, 3.8888888359069824)
