final_loss_phi=2.107150e+00
final_loss_mu=4.896625e-01
final_mu_mse=2.120337e+04
final_mu_mae=7.762613e+01
final_defect_area_pred=29
defect_area_label=20
final_defect_iou=6.333333e-01
pred_centroid=(2.2148542404174805, 5.626134395599365)
label_centroid=(3.461538791656494, 4.473683834075928)
