final_loss_phi=2.302502e+00
final_loss_mu=4.564955e-02
final_mu_mse=1.305889e+04
final_mu_mae=6.824725e+01
final_defect_area_pred=11
defect_area_label=11
final_defect_iou=1.000000e+00
pred_centroid=(8.110047340393066, 5.454545497894287)
label_centroid=(8.110047340393066, 5.454545497894287)
