final_loss_phi=2.665744e+00
final_loss_mu=1.866935e-01
final_mu_mse=6.796625e+04
final_mu_mae=2.404690e+02
final_defect_area_pred=183
defect_area_label=182
final_defect_iou=9.729730e-01
pred_centroid=(6.3094000816345215, 4.993695259094238)
label_centroid=(6.3117265701293945, 5.0)
