final_loss_phi=3.065774e+00
final_loss_mu=1.808664e-01
final_mu_mse=5.972661e+04
final_mu_mae=2.166457e+02
final_defect_area_pred=117
defect_area_label=121
final_defect_iou=9.193549e-01
pred_centroid=(-3.9646217823028564, 5.099715232849121)
label_centroid=(-3.98734188079834, 5.128205299377441)
