final_loss_phi=2.227125e+00
final_loss_mu=8.175493e-02
final_mu_mse=9.930963e+03
final_mu_mae=4.217297e+01
final_defect_area_pred=8
defect_area_label=8
final_defect_iou=1.000000e+00
pred_centroid=(3.9473683834075928, 5.55555534362793)
label_centroid=(3.9473683834075928, 5.55555534362793)
