final_loss_phi=2.211740e+00
final_loss_mu=2.552246e-02
final_mu_mse=7.544196e+03
final_mu_mae=4.682359e+01
final_defect_area_pred=10
defect_area_label=10
final_defect_iou=1.000000e+00
pred_centroid=(-3.1578948497772217, 5.55555534362793)
label_centroid=(-3.1578948497772217, 5.55555534362793)
