final_loss_phi=2.239534e+00
final_loss_mu=2.927043e-01
final_mu_mse=1.970252e+04
final_mu_mae=6.979240e+01
final_defect_area_pred=9
defect_area_label=7
final_defect_iou=7.777778e-01
pred_centroid=(-5.0, 5.185184955596924)
label_centroid=(-5.300751686096191, 5.5555548667907715)
