final_loss_phi=2.441491e+00
final_loss_mu=3.376066e-01
final_mu_mse=1.983625e+04
final_mu_mae=7.531606e+01
final_defect_area_pred=7
defect_area_label=5
final_defect_iou=7.142857e-01
pred_centroid=(-1.6917294263839722, 7.619048118591309)
label_centroid=(-1.4210526943206787, 6.888888359069824)
