final_loss_phi=2.371498e+00
final_loss_mu=3.796422e-01
final_mu_mse=5.814210e+04
final_mu_mae=2.024612e+02
final_defect_area_pred=89
defect_area_label=88
final_defect_iou=7.524753e-01
pred_centroid=(7.264258861541748, 6.707001209259033)
label_centroid=(7.180666923522949, 6.8065266609191895)
