final_loss_phi=2.305559e+00
final_loss_mu=1.620670e-01
final_mu_mse=1.375594e+04
final_mu_mae=7.010944e+01
final_defect_area_pred=29
defect_area_label=30
final_defect_iou=9.666666e-01
pred_centroid=(4.177718639373779, 6.098003387451172)
label_centroid=(4.230769157409668, 6.05263090133667)
