final_loss_phi=2.426074e+00
final_loss_mu=1.812942e-01
final_mu_mse=4.192843e+04
final_mu_mae=1.526406e+02
final_defect_area_pred=46
defect_area_label=40
final_defect_iou=8.695652e-01
pred_centroid=(-4.214046955108643, 6.315789222717285)
label_centroid=(-4.134615421295166, 6.355262756347656)
