final_loss_phi=2.378850e+00
final_loss_mu=8.168200e-02
final_mu_mse=1.321302e+04
final_mu_mae=7.387248e+01
final_defect_area_pred=54
defect_area_label=54
final_defect_iou=1.000000e+00
pred_centroid=(0.38461536169052124, 4.610136032104492)
label_centroid=(0.38461536169052124, 4.610136032104492)
