final_loss_phi=2.224699e+00
final_loss_mu=2.814746e-02
final_mu_mse=9.538931e+03
final_mu_mae=5.434863e+01
final_defect_area_pred=9
defect_area_label=9
final_defect_iou=1.000000e+00
pred_centroid=(-2.3684208393096924, 5.55555534362793)
label_centroid=(-2.3684208393096924, 5.55555534362793)
