final_loss_phi=2.226816e+00
final_loss_mu=3.849348e-01
final_mu_mse=2.600944e+04
final_mu_mae=1.030009e+02
final_defect_area_pred=34
defect_area_label=33
final_defect_iou=6.750000e-01
pred_centroid=(-7.375566482543945, 5.216717720031738)
label_centroid=(-7.517482757568359, 5.231259822845459)
