final_loss_phi=2.199345e+00
final_loss_mu=1.062424e-01
final_mu_mse=9.058559e+03
final_mu_mae=5.322819e+01
final_defect_area_pred=23
defect_area_label=24
final_defect_iou=9.583333e-01
pred_centroid=(3.7959868907928467, 4.530892848968506)
label_centroid=(3.846153974533081, 4.473684310913086)
