final_loss_phi=2.219915e+00
final_loss_mu=6.881180e-02
final_mu_mse=1.138432e+04
final_mu_mae=6.353738e+01
final_defect_area_pred=41
defect_area_label=42
final_defect_iou=9.761904e-01
pred_centroid=(1.8667917251586914, 3.4531450271606445)
label_centroid=(1.9230769872665405, 3.421052932739258)
