final_loss_phi=1.255487e+00
final_loss_mu=9.544320e-01
final_mu_mse=2.684114e+05
final_mu_mae=2.815358e+02
final_defect_area_pred=58
defect_area_label=4
final_defect_iou=6.896552e-02
pred_centroid=(4.11066514161007e-09, 6.704981327056885)
label_centroid=(0.0, 5.0)
