final_loss_phi=2.507100e+00
final_loss_mu=1.884592e-02
final_mu_mse=6.270606e+03
final_mu_mae=4.374558e+01
final_defect_area_pred=8
defect_area_label=8
final_defect_iou=1.000000e+00
pred_centroid=(5.723684310913086, 5.55555534362793)
label_centroid=(5.723684310913086, 5.55555534362793)
