final_loss_phi=1.417249e-01
final_loss_mu=1.033289e-03
final_mu_mse=9.337209e+05
final_mu_mae=9.392122e+02
final_defect_area_pred=200
defect_area_label=11
final_defect_iou=5.500000e-02
pred_centroid=(-3.814697180359872e-08, 5.0)
label_centroid=(-7.248803615570068, 4.040404319763184)
