final_loss_phi=2.217793e+00
final_loss_mu=9.986737e-02
final_mu_mse=4.691207e+04
final_mu_mae=1.915759e+02
final_defect_area_pred=57
defect_area_label=56
final_defect_iou=9.824561e-01
pred_centroid=(4.75708532333374, 5.789473533630371)
label_centroid=(4.766483783721924, 5.742481708526611)
