final_loss_phi=2.234670e+00
final_loss_mu=1.199148e-01
final_mu_mse=1.620234e+04
final_mu_mae=6.984779e+01
final_defect_area_pred=58
defect_area_label=56
final_defect_iou=9.322034e-01
pred_centroid=(4.748010635375977, 5.635208606719971)
label_centroid=(4.766483783721924, 5.742481708526611)
