final_loss_phi=1.048785e+00
final_loss_mu=1.013644e+00
final_mu_mse=3.256448e+05
final_mu_mae=3.436537e+02
final_defect_area_pred=70
defect_area_label=4
final_defect_iou=5.714286e-02
pred_centroid=(-0.6315789222717285, 6.809523582458496)
label_centroid=(4.736842155456543, 6.111110687255859)
