final_loss_phi=1.816097e+00
final_loss_mu=1.278194e-01
final_mu_mse=4.443060e+05
final_mu_mae=4.481765e+02
final_defect_area_pred=78
defect_area_label=11
final_defect_iou=0.000000e+00
pred_centroid=(9.493926048278809, 4.544159889221191)
label_centroid=(-7.248803615570068, 4.040404319763184)
