final_loss_phi=4.466889e+00
final_loss_mu=3.424681e-01
final_mu_mse=6.216466e+04
final_mu_mae=2.185567e+02
final_defect_area_pred=162
defect_area_label=161
final_defect_iou=7.272727e-01
pred_centroid=(-7.191748142242432, 4.9699273109436035)
label_centroid=(-7.206933975219727, 4.973721981048584)
