final_loss_phi=2.349303e+00
final_loss_mu=2.120537e-01
final_mu_mse=2.252170e+04
final_mu_mae=9.207266e+01
final_defect_area_pred=20
defect_area_label=18
final_defect_iou=9.000000e-01
pred_centroid=(2.807692050933838, 4.6315789222717285)
label_centroid=(2.777777671813965, 4.590642929077148)
