final_loss_phi=2.732525e+00
final_loss_mu=3.029464e-01
final_mu_mse=5.241011e+04
final_mu_mae=2.012527e+02
final_defect_area_pred=99
defect_area_label=99
final_defect_iou=7.068965e-01
pred_centroid=(-6.948599815368652, 4.747474670410156)
label_centroid=(-6.9294209480285645, 4.757833957672119)
