final_loss_phi=2.178373e+00
final_loss_mu=2.452160e-01
final_mu_mse=3.684714e+04
final_mu_mae=1.502938e+02
final_defect_area_pred=21
defect_area_label=20
final_defect_iou=7.826087e-01
pred_centroid=(-6.794871807098389, 3.9097743034362793)
label_centroid=(-6.76923131942749, 3.9473681449890137)
