final_loss_phi=2.139889e+00
final_loss_mu=1.436413e-01
final_mu_mse=3.531490e+04
final_mu_mae=1.442628e+02
final_defect_area_pred=22
defect_area_label=21
final_defect_iou=8.695652e-01
pred_centroid=(-1.153846025466919, 5.741627216339111)
label_centroid=(-0.8974358439445496, 5.689222812652588)
