final_loss_phi=2.272373e+00
final_loss_mu=3.457631e+00
final_mu_mse=2.331364e+05
final_mu_mae=3.958036e+02
final_defect_area_pred=228
defect_area_label=21
final_defect_iou=9.210526e-02
pred_centroid=(-0.5364372730255127, 6.941367149353027)
label_centroid=(-4.450549125671387, 6.4912285804748535)
