final_loss_phi=2.584451e+00
final_loss_mu=1.284851e-01
final_mu_mse=4.741770e+04
final_mu_mae=2.008680e+02
final_defect_area_pred=163
defect_area_label=165
final_defect_iou=9.294118e-01
pred_centroid=(1.2172867059707642, 4.911121845245361)
label_centroid=(1.1887227296829224, 4.961926460266113)
