final_loss_phi=2.195097e+00
final_loss_mu=1.856625e-01
final_mu_mse=1.408211e+04
final_mu_mae=6.088341e+01
final_defect_area_pred=33
defect_area_label=35
final_defect_iou=9.428571e-01
pred_centroid=(5.769230842590332, 6.315788745880127)
label_centroid=(5.76923131942749, 6.315788745880127)
