final_loss_phi=2.310375e+00
final_loss_mu=1.336894e-01
final_mu_mse=2.560951e+04
final_mu_mae=1.323234e+02
final_defect_area_pred=19
defect_area_label=19
final_defect_iou=1.000000e+00
pred_centroid=(2.4089066982269287, 5.4016618728637695)
label_centroid=(2.4089066982269287, 5.4016618728637695)
