final_loss_phi=1.265222e+00
final_loss_mu=2.047649e-01
final_mu_mse=4.443390e+05
final_mu_mae=4.479953e+02
final_defect_area_pred=100
defect_area_label=11
final_defect_iou=1.100000e-01
pred_centroid=(-7.894736289978027, 5.0)
label_centroid=(-7.248803615570068, 4.040404319763184)
