final_loss_phi=2.145005e+00
final_loss_mu=2.519475e-01
final_mu_mse=1.383626e+04
final_mu_mae=6.622179e+01
final_defect_area_pred=20
defect_area_label=21
final_defect_iou=8.636364e-01
pred_centroid=(-0.9230769276618958, 5.657895088195801)
label_centroid=(-0.8974358439445496, 5.689222812652588)
