final_loss_phi=1.686289e+00
final_loss_mu=8.801305e-01
final_mu_mse=2.753754e+05
final_mu_mae=3.408830e+02
final_defect_area_pred=262
defect_area_label=34
final_defect_iou=1.297710e-01
pred_centroid=(-0.9365825057029724, 6.83607816696167)
label_centroid=(2.2624433040618896, 5.603715419769287)
