final_loss_phi=3.503460e+00
final_loss_mu=2.055017e-01
final_mu_mse=5.056583e+04
final_mu_mae=1.972889e+02
final_defect_area_pred=153
defect_area_label=148
final_defect_iou=9.171975e-01
pred_centroid=(-2.153139591217041, 6.361656188964844)
label_centroid=(-2.1604514122009277, 6.354816913604736)
