final_loss_phi=2.195432e+00
final_loss_mu=2.961651e-02
final_mu_mse=9.477104e+03
final_mu_mae=5.335275e+01
final_defect_area_pred=9
defect_area_label=9
final_defect_iou=1.000000e+00
pred_centroid=(-3.9473681449890137, 5.55555534362793)
label_centroid=(-3.9473681449890137, 5.55555534362793)
