final_loss_phi=3.034654e+00
final_loss_mu=3.051986e-01
final_mu_mse=5.821513e+04
final_mu_mae=2.195325e+02
final_defect_area_pred=132
defect_area_label=130
final_defect_iou=8.450704e-01
pred_centroid=(4.010356426239014, 3.9141411781311035)
label_centroid=(4.019474029541016, 3.88560152053833)
