final_loss_phi=2.497763e+00
final_loss_mu=8.757018e-02
final_mu_mse=4.120457e+04
final_mu_mae=1.825267e+02
final_defect_area_pred=153
defect_area_label=153
final_defect_iou=1.000000e+00
pred_centroid=(-5.570860862731934, 5.659460544586182)
label_centroid=(-5.570860862731934, 5.659460544586182)
