final_loss_phi=2.320799e+00
final_loss_mu=1.915128e-02
final_mu_mse=7.825780e+03
final_mu_mae=5.390965e+01
final_defect_area_pred=9
defect_area_label=9
final_defect_iou=1.000000e+00
pred_centroid=(0.6140350699424744, 4.814814567565918)
label_centroid=(0.6140350699424744, 4.814814567565918)
