final_loss_phi=2.377239e+00
final_loss_mu=2.914143e-01
final_mu_mse=5.356809e+04
final_mu_mae=1.887038e+02
final_defect_area_pred=85
defect_area_label=88
final_defect_iou=7.835051e-01
pred_centroid=(7.266567230224609, 6.702866554260254)
label_centroid=(7.180666923522949, 6.8065266609191895)
