final_loss_phi=2.226521e+00
final_loss_mu=2.168503e-01
final_mu_mse=1.776906e+04
final_mu_mae=6.809312e+01
final_defect_area_pred=11
defect_area_label=9
final_defect_iou=8.181818e-01
pred_centroid=(-3.803828239440918, 7.878788471221924)
label_centroid=(-3.9473681449890137, 7.407407760620117)
