final_loss_phi=2.301289e+00
final_loss_mu=1.394978e-01
final_mu_mse=4.390335e+04
final_mu_mae=1.687270e+02
final_defect_area_pred=24
defect_area_label=25
final_defect_iou=9.600000e-01
pred_centroid=(7.371795177459717, 4.714911937713623)
label_centroid=(7.523077487945557, 4.715789318084717)
