final_loss_phi=2.086706e+00
final_loss_mu=1.710784e-01
final_mu_mse=2.953982e+04
final_mu_mae=1.152165e+02
final_defect_area_pred=23
defect_area_label=25
final_defect_iou=9.200000e-01
pred_centroid=(-7.307692050933838, 6.315789222717285)
label_centroid=(-7.307692050933838, 6.315789699554443)
